%YAML:1.0
---
rectangles: !!opencv-matrix
   rows: 4
   cols: 2
   dt: i
   data: [ 9, 456, 123, 220, 48, 20, 73, 18 ]
