%YAML:1.0
---
rectangles: !!opencv-matrix
   rows: 4
   cols: 2
   dt: i
   data: [ 19, 3, 311, 84, 466, 423, 71, 76 ]
