%YAML:1.0
---
rectangles: !!opencv-matrix
   rows: 4
   cols: 2
   dt: i
   data: [ 252, 287, 235, 328, 19, 17, 27, 17 ]
