%YAML:1.0
---
rectangles: !!opencv-matrix
   rows: 4
   cols: 4
   dt: i
   data: [ 391, 291, 342, 5, 249, 254, 224, 284, 96, 104, 22, 129, 13,
       22, 28, 21 ]
