%YAML:1.0
---
rectangles: !!opencv-matrix
   rows: 4
   cols: 4
   dt: i
   data: [ 156, 418, 0, 164, 94, 127, 119, 110, 26, 26, 163, 324, 36, 25,
       19, 43 ]
