%YAML:1.0
---
rectangles: !!opencv-matrix
   rows: 4
   cols: 4
   dt: i
   data: [ 8, 158, 426, 196, 298, 298, 279, 282, 301, 29, 18, 287, 21,
       39, 25, 39 ]
