%YAML:1.0
---
rectangles: !!opencv-matrix
   rows: 4
   cols: 2
   dt: i
   data: [ 0, 114, 264, 308, 10, 371, 25, 31 ]
