%YAML:1.0
---
rectangles: !!opencv-matrix
   rows: 4
   cols: 2
   dt: i
   data: [ 3, 3, 59, 271, 483, 484, 64, 101 ]
