%YAML:1.0
---
rectangles: !!opencv-matrix
   rows: 4
   cols: 5
   dt: i
   data: [ 4, 4, 416, 196, 346, 308, 17, 347, 225, 304, 333, 480, 70, 31,
       26, 84, 97, 48, 42, 35 ]
